HYPSO-1
1 51053U 22002BX  25296.93021535  .00034531  00000-0  64114-3 0  9997
2 51053  97.3166   6.7052 0004161  83.3535 276.8189 15.48851464210108
HYPSO-1
1 51053U 22002BX  25297.25324408  .00037859  00000-0  70178-3 0  9991
2 51053  97.3164   7.0324 0004144  82.4122 277.7599 15.48878919210159
HYPSO-1
1 51053U 22002BX  25297.70547683  .00032180  00000-0  59661-3 0  9999
2 51053  97.3163   7.4905 0004115  80.8468 279.3248 15.48907162210220
HYPSO-1
1 51053U 22002BX  25297.96389138  .00033413  00000-0  61894-3 0  9997
2 51053  97.3162   7.7523 0004106  80.0975 280.0739 15.48924632210262
HYPSO-1
1 51053U 22002BX  25298.15770045  .00034907  00000-0  64609-3 0  9996
2 51053  97.3162   7.9486 0004089  79.4255 280.7456 15.48939382210299
HYPSO-1
1 51053U 22002BX  25298.28690545  .00036370  00000-0  67274-3 0  9993
2 51053  97.3161   8.0796 0004077  79.0523 281.1186 15.48949450210310
HYPSO-1
1 51053U 22002BX  25298.48071200  .00034284  00000-0  63418-3 0  9994
2 51053  97.3160   8.2758 0004069  78.7632 281.4076 15.48960028210345
HYPSO-1
1 51053U 22002BX  25298.86831913  .00032963  00000-0  60934-3 0  9993
2 51053  97.3159   8.6684 0004061  77.3030 282.8674 15.48986780210403
HYPSO-1
1 51053U 22002BX  25298.93291983  .00032517  00000-0  60108-3 0  9996
2 51053  97.3159   8.7339 0004053  77.1190 283.0514 15.48990359210411
HYPSO-1
1 51053U 22002BX  25299.19132019  .00030706  00000-0  56748-3 0  9992
2 51053  97.3159   8.9958 0004039  76.6718 283.4984 15.49008166210450
HYPSO-1
1 51053U 22002BX  25299.25591981  .00030441  00000-0  56252-3 0  9992
2 51053  97.3159   9.0612 0004038  76.4889 283.6812 15.49012503210468
HYPSO-1
1 51053U 22002BX  25299.51431690  .00029728  00000-0  54914-3 0  9990
2 51053  97.3160   9.3232 0004033  75.1361 285.0336 15.49028803210509
HYPSO-1
1 51053U 22002BX  25299.83730951  .00029287  00000-0  54066-3 0  9995
2 51053  97.3159   9.6504 0004011  73.7434 286.4258 15.49048719210554
HYPSO-1
1 51053U 22002BX  25299.96650549  .00031059  00000-0  57298-3 0  9993
2 51053  97.3158   9.7813 0004007  73.3514 286.8177 15.49057195210571
HYPSO-1
1 51053U 22002BX  25300.16029828  .00033030  00000-0  60879-3 0  9998
2 51053  97.3158   9.9776 0003987  72.6880 287.4807 15.49070569210606
HYPSO-1
1 51053U 22002BX  25300.28949247  .00030789  00000-0  56764-3 0  9993
2 51053  97.3158  10.1085 0003978  72.3565 287.8120 15.49077015210627
HYPSO-1
1 51053U 22002BX  25300.48328269  .00032191  00000-0  59306-3 0  9994
2 51053  97.3158  10.3048 0003971  71.9038 288.2645 15.49089298210657
HYPSO-1
1 51053U 22002BX  25300.80626360  .00031545  00000-0  58086-3 0  9999
2 51053  97.3158  10.6321 0003964  71.6057 288.5625 15.49107751210706
HYPSO-1
1 51053U 22002BX  25301.00004953  .00033394  00000-0  61437-3 0  9998
2 51053  97.3157  10.8284 0003955  70.6270 289.5409 15.49121337210731
HYPSO-1
1 51053U 22002BX  25301.64599135  .00032323  00000-0  59390-3 0  9995
2 51053  97.3157  11.4830 0003923  68.7920 291.3750 15.49165044210834
HYPSO-1
1 51053U 22002BX  25302.29191471  .00038602  00000-0  70718-3 0  9991
2 51053  97.3157  12.1376 0003888  66.6179 293.5481 15.49213670210935
HYPSO-1
1 51053U 22002BX  25302.42109714  .00037608  00000-0  68891-3 0  9999
2 51053  97.3157  12.2685 0003880  66.3357 293.8301 15.49221638210955
HYPSO-1
1 51053U 22002BX  25302.93781815  .00037514  00000-0  68629-3 0  9998
2 51053  97.3158  12.7922 0003871  64.7520 295.4132 15.49260115211032
HYPSO-1
1 51053U 22002BX  25303.26076155  .00039546  00000-0  72246-3 0  9996
2 51053  97.3159  13.1195 0003861  63.6608 296.5039 15.49288430211087
HYPSO-1
1 51053U 22002BX  25303.84204634  .00040496  00000-0  73847-3 0  9999
2 51053  97.3160  13.7087 0003838  62.2631 297.9009 15.49335323211176
HYPSO-1
1 51053U 22002BX  25303.90663251  .00040542  00000-0  73919-3 0  9992
2 51053  97.3160  13.7742 0003838  62.0524 298.1116 15.49340038211185
HYPSO-1
1 51053U 22002BX  25304.29414469  .00039694  00000-0  72306-3 0  9995
2 51053  97.3161  14.1671 0003814  61.0708 299.0926 15.49371216211247
HYPSO-1
1 51053U 22002BX  25304.68164921  .00036578  00000-0  66600-3 0  9991
2 51053  97.3162  14.5598 0003802  59.5910 300.5717 15.49400527211305
HYPSO-1
1 51053U 22002BX  25304.81081553  .00037066  00000-0  67459-3 0  9991
2 51053  97.3162  14.6908 0003804  59.2529 300.9096 15.49410751211322
HYPSO-1
1 51053U 22002BX  25305.65037994  .00026620  00000-0  48470-3 0  9990
2 51053  97.3164  15.5423 0003754  56.9274 303.2337 15.49462708211458
HYPSO-1
1 51053U 22002BX  25306.29618067  .00032241  00000-0  58545-3 0  9997
2 51053  97.3165  16.1972 0003743  54.4122 305.7478 15.49503720211552
HYPSO-1
1 51053U 22002BX  25306.48991744  .00030984  00000-0  56256-3 0  9993
2 51053  97.3165  16.3936 0003712  54.2562 305.9034 15.49514941211586
HYPSO-1
1 51053U 22002BX  25307.84603117  .00030977  00000-0  56070-3 0  9994
2 51053  97.3164  17.7693 0003667  50.4684 309.6890 15.49603337211794
HYPSO-1
1 51053U 22002BX  25307.91060593  .00032992  00000-0  59680-3 0  9996
2 51053  97.3164  17.8348 0003650  50.3087 309.8486 15.49608876211808
HYPSO-1
1 51053U 22002BX  25308.16890375  .00035134  00000-0  63485-3 0  9992
2 51053  97.3164  18.0969 0003640  49.4694 310.6874 15.49627925211843
HYPSO-1
1 51053U 22002BX  25308.29805111  .00034151  00000-0  61701-3 0  9997
2 51053  97.3164  18.2279 0003635  49.0619 311.0947 15.49636924211863
HYPSO-1
1 51053U 22002BX  25308.49177131  .00032591  00000-0  58876-3 0  9998
2 51053  97.3163  18.4243 0003629  48.3989 311.7573 15.49648723211895
HYPSO-1
1 51053U 22002BX  25308.62091721  .00030597  00000-0  55283-3 0  9996
2 51053  97.3162  18.5553 0003625  48.0410 312.1150 15.49656913211910
HYPSO-1
1 51053U 22002BX  25308.81463454  .00029582  00000-0  53439-3 0  9996
2 51053  97.3162  18.7518 0003629  47.3026 312.8531 15.49669034211943
HYPSO-1
1 51053U 22002BX  25308.94377891  .00028637  00000-0  51731-3 0  9992
2 51053  97.3161  18.8827 0003620  46.9499 313.2055 15.49675515211965
HYPSO-1
1 51053U 22002BX  25309.26663619  .00031197  00000-0  56277-3 0  9999
2 51053  97.3159  19.2101 0003599  46.0412 314.1136 15.49699258212010
HYPSO-1
1 51053U 22002BX  25309.97690704  .00035296  00000-0  63509-3 0  9992
2 51053  97.3156  19.9306 0003597  43.6503 316.5032 15.49747451212125
HYPSO-1
1 51053U 22002BX  25310.29974751  .00085385  00000-0  15208-2 0  9992
2 51053  97.3154  20.2581 0003602  42.6165 317.5365 15.49812710212179
HYPSO-1
1 51053U 22002BX  25310.75171488  .00039415  00000-0  70684-3 0  9992
2 51053  97.3152  20.7165 0003543  41.1969 318.9549 15.49819910212246
HYPSO-1
1 51053U 22002BX  25310.81628072  .00039039  00000-0  70002-3 0  9991
2 51053  97.3152  20.7820 0003548  40.8389 319.3128 15.49825047212258
HYPSO-1
1 51053U 22002BX  25310.94541154  .00039201  00000-0  70263-3 0  9990
2 51053  97.3151  20.9130 0003517  40.8293 319.3221 15.49836154212270
HYPSO-1
1 51053U 22002BX  25311.13910654  .00033320  00000-0  59766-3 0  9998
2 51053  97.3150  21.1096 0003507  39.8489 320.3020 15.49848436212306
HYPSO-1
1 51053U 22002BX  25311.26823479  .00036902  00000-0  66110-3 0  9990
2 51053  97.3149  21.2407 0003505  39.5066 320.6441 15.49863014212328
HYPSO-1
1 51053U 22002BX  25311.78474005  .00041094  00000-0  73442-3 0  9998
2 51053  97.3147  21.7645 0003510  38.0235 322.1264 15.49909628212404
HYPSO-1
1 51053U 22002BX  25311.84930231  .00041452  00000-0  74064-3 0  9992
2 51053  97.3146  21.8300 0003511  37.8125 322.3372 15.49914576212419
HYPSO-1
1 51053U 22002BX  25312.10754927  .00038854  00000-0  69409-3 0  9997
2 51053  97.3145  22.0920 0003499  36.9017 323.2475 15.49933004212459
HYPSO-1
1 51053U 22002BX  25312.30123146  .00039824  00000-0  71084-3 0  9992
2 51053  97.3144  22.2885 0003473  36.3968 323.7519 15.49951041212489
HYPSO-1
1 51053U 22002BX  25312.49491205  .00039935  00000-0  71242-3 0  9995
2 51053  97.3142  22.4846 0003470  35.2577 324.8904 15.49966801212511
HYPSO-1
1 51053U 22002BX  25312.81770789  .00042604  00000-0  75885-3 0  9992
2 51053  97.3142  22.8120 0003459  34.3559 325.7916 15.49997492212565
HYPSO-1
1 51053U 22002BX  25314.94803806  .00056865  00000-0  10045-2 0  9995
2 51053  97.3135  24.9735 0003378  27.5365 332.6065 15.50167393212890
HYPSO-1
1 51053U 22002BX  25315.27079448  .00047731  00000-0  84369-3 0  9992
2 51053  97.3135  25.3010 0003346  26.5281 333.6142 15.50190668212946
HYPSO-1
1 51053U 22002BX  25316.23902943  .00121687  00000-0  21179-2 0  9996
2 51053  97.3134  26.2837 0003409  23.5926 336.5481 15.50330890213093
HYPSO-1
1 51053U 22002BX  25316.81993302  .00072715  00000-0  12719-2 0  9996
2 51053  97.3136  26.8731 0003353  20.0246 340.1137 15.50380216213185
HYPSO-1
1 51053U 22002BX  25316.94901830  .00059992  00000-0  10509-2 0  9992
2 51053  97.3137  27.0040 0003300  20.0164 340.1216 15.50391931213200
HYPSO-1
1 51053U 22002BX  25317.14264306  .00056481  00000-0  98892-3 0  9997
2 51053  97.3137  27.2005 0003286  19.8428 340.2951 15.50420776213235
HYPSO-1
1 51053U 22002BX  25317.27172491  .00086035  00000-0  14986-2 0  9993
2 51053  97.3138  27.3317 0003315  19.7447 340.3933 15.50445280213256
HYPSO-1
1 51053U 22002BX  25317.65896116  .00083342  00000-0  14499-2 0  9999
2 51053  97.3136  27.7252 0003407  17.8926 342.2445 15.50490206213313
HYPSO-1
1 51053U 22002BX  25317.85257479  .00075091  00000-0  13070-2 0  9990
2 51053  97.3137  27.9214 0003358  16.9011 343.2353 15.50510415213341
HYPSO-1
1 51053U 22002BX  25317.98164932  .00060624  00000-0  10571-2 0  9994
2 51053  97.3137  28.0524 0003331  16.4547 343.6813 15.50519137213364
HYPSO-1
1 51053U 22002BX  25318.30433251  .00036188  00000-0  63316-3 0  9998
2 51053  97.3138  28.3802 0003306  15.5088 344.6265 15.50539671213412
HYPSO-1
1 51053U 22002BX  25318.75608016  .00035424  00000-0  61917-3 0  9997
2 51053  97.3139  28.8390 0003349  13.4141 346.7200 15.50572402213482
HYPSO-1
1 51053U 22002BX  25318.82061470  .00035807  00000-0  62569-3 0  9991
2 51053  97.3139  28.9046 0003346  13.2019 346.9320 15.50577247213498
HYPSO-1
1 51053U 22002BX  25319.46594948  .00035729  00000-0  62330-3 0  9992
2 51053  97.3139  29.5600 0003301  11.1605 348.9720 15.50624955213596
HYPSO-1
1 51053U 22002BX  25319.85314080  .00038357  00000-0  66808-3 0  9996
2 51053  97.3139  29.9532 0003296   9.9350 350.1967 15.50655432213658
HYPSO-1
1 51053U 22002BX  25320.30485363  .00044996  00000-0  78163-3 0  9994
2 51053  97.3138  30.4121 0003262   8.2995 351.8310 15.50697259213729
HYPSO-1
1 51053U 22002BX  25320.49844126  .00045489  00000-0  78966-3 0  9999
2 51053  97.3138  30.6086 0003259   7.4262 352.7037 15.50714134213756
HYPSO-1
1 51053U 22002BX  25320.62749878  .00041170  00000-0  71501-3 0  9993
2 51053  97.3138  30.7397 0003255   6.9248 353.2048 15.50722613213777
HYPSO-1
1 51053U 22002BX  25320.82108274  .00043395  00000-0  75287-3 0  9990
2 51053  97.3138  30.9363 0003254   6.3090 353.8202 15.50741111213806
HYPSO-1
1 51053U 22002BX  25321.27277035  .00043765  00000-0  75814-3 0  9999
2 51053  97.3138  31.3951 0003192   5.2024 354.9260 15.50782482213879
HYPSO-1
1 51053U 22002BX  25321.46634765  .00040837  00000-0  70743-3 0  9990
2 51053  97.3138  31.5918 0003204   4.6358 355.4923 15.50796291213900
HYPSO-1
1 51053U 22002BX  25321.65992291  .00035620  00000-0  61738-3 0  9990
2 51053  97.3138  31.7885 0003203   3.9326 356.1951 15.50809512213934
HYPSO-1
1 51053U 22002BX  25321.85349641  .00036452  00000-0  63138-3 0  9997
2 51053  97.3137  31.9850 0003211   3.2831 356.8442 15.50824185213968
HYPSO-1
1 51053U 22002BX  25322.17611519  .00035745  00000-0  61869-3 0  9992
2 51053  97.3136  32.3128 0003208   1.8920 358.2344 15.50847679214016
HYPSO-1
1 51053U 22002BX  25322.17611529  .00034615  00000-0  59930-3 0  9994
2 51053  97.3136  32.3129 0003183   2.2360 357.8906 15.50846546214013
HYPSO-1
1 51053U 22002BX  25322.49872858  .00037476  00000-0  64787-3 0  9997
2 51053  97.3135  32.6405 0003177   0.7907 359.3350 15.50872986214067
HYPSO-1
1 51053U 22002BX  25322.82133799  .00031897  00000-0  55169-3 0  9993
2 51053  97.3135  32.9683 0003155 359.7595   0.3655 15.50891532214119
HYPSO-1
1 51053U 22002BX  25322.95038047  .00030171  00000-0  52190-3 0  9992
2 51053  97.3134  33.0993 0003150 359.2573   0.8674 15.50898396214133
HYPSO-1
1 51053U 22002BX  25323.27298351  .00033380  00000-0  57651-3 0  9996
2 51053  97.3133  33.4271 0003130 358.0524   2.0716 15.50923002214185
HYPSO-1
1 51053U 22002BX  25323.66010196  .00035562  00000-0  61337-3 0  9998
2 51053  97.3132  33.8204 0003109 356.7180   3.4051 15.50948882214240
HYPSO-1
1 51053U 22002BX  25323.91817782  .00038222  00000-0  65852-3 0  9994
2 51053  97.3131  34.0825 0003123 355.9131   4.2095 15.50964817214281
HYPSO-1
1 51053U 22002BX  25324.30528690  .00034709  00000-0  59798-3 0  9993
2 51053  97.3129  34.4758 0003094 354.3764   5.7453 15.50985709214343
HYPSO-1
1 51053U 22002BX  25324.75690617  .00029368  00000-0  50610-3 0  9990
2 51053  97.3126  34.9345 0003012 353.2144   6.9066 15.51010611214410
HYPSO-1
1 51053U 22002BX  25324.82142258  .00029867  00000-0  51457-3 0  9995
2 51053  97.3126  35.0001 0003014 353.1218   6.9992 15.51014552214421
HYPSO-1
1 51053U 22002BX  25324.95045453  .00032267  00000-0  55543-3 0  9996
2 51053  97.3127  35.1312 0003023 352.3736   7.7470 15.51024426214447
HYPSO-1
1 51053U 22002BX  25325.14400086  .00032870  00000-0  56542-3 0  9995
2 51053  97.3126  35.3279 0003025 351.4294   8.6906 15.51039633214474
HYPSO-1
1 51053U 22002BX  25325.66011556  .00031949  00000-0  54894-3 0  9996
2 51053  97.3124  35.8524 0002981 349.7216  10.3975 15.51078500214555
HYPSO-1
1 51053U 22002BX  25325.91816828  .00034406  00000-0  59045-3 0  9993
2 51053  97.3123  36.1145 0002971 348.9669  11.1518 15.51098011214594
HYPSO-1
1 51053U 22002BX  25326.17621787  .00033890  00000-0  58127-3 0  9996
2 51053  97.3122  36.3768 0002953 347.9428  12.1753 15.51117006214631
HYPSO-1
1 51053U 22002BX  25326.49877564  .00033659  00000-0  57687-3 0  9990
2 51053  97.3120  36.7044 0002939 346.6317  13.4857 15.51139493214685
HYPSO-1
1 51053U 22002BX  25326.62779757  .00029787  00000-0  51081-3 0  9999
2 51053  97.3119  36.8355 0002949 346.0902  14.0268 15.51146399214703
HYPSO-1
1 51053U 22002BX  25326.82132913  .00028645  00000-0  49116-3 0  9996
2 51053  97.3118  37.0321 0002932 345.4601  14.6566 15.51157968214733
HYPSO-1
1 51053U 22002BX  25327.14387855  .00029650  00000-0  50789-3 0  9994
2 51053  97.3117  37.3596 0002915 344.0577  16.0583 15.51179200214780
HYPSO-1
1 51053U 22002BX  25327.27289697  .00032181  00000-0  55073-3 0  9997
2 51053  97.3116  37.4908 0002904 343.6047  16.5111 15.51189720214805
HYPSO-1
1 51053U 22002BX  25327.46642382  .00030602  00000-0  52372-3 0  9997
2 51053  97.3115  37.6874 0002886 342.8953  17.2202 15.51199533214839
HYPSO-1
1 51053U 22002BX  25327.85347274  .00029826  00000-0  51010-3 0  9996
2 51053  97.3113  38.0806 0002900 341.8147  18.3001 15.51222877214891
HYPSO-1
1 51053U 22002BX  25328.17600845  .00035497  00000-0  60581-3 0  9992
2 51053  97.3112  38.4083 0002875 340.3957  19.7184 15.51248420214940
HYPSO-1
1 51053U 22002BX  25328.30502132  .00034758  00000-0  59310-3 0  9994
2 51053  97.3112  38.5393 0002857 339.7523  20.3616 15.51256828214967
HYPSO-1
1 51053U 22002BX  25328.49853929  .00034511  00000-0  58864-3 0  9997
2 51053  97.3111  38.7359 0002841 339.0084  21.1051 15.51269903214991
HYPSO-1
1 51053U 22002BX  25328.82106476  .00035585  00000-0  60628-3 0  9995
2 51053  97.3110  39.0636 0002820 337.8133  22.2997 15.51295442215045
HYPSO-1
1 51053U 22002BX  25328.95007358  .00036319  00000-0  61850-3 0  9992
2 51053  97.3109  39.1946 0002810 337.3378  22.7750 15.51305142215066
HYPSO-1
1 51053U 22002BX  25329.14358520  .00039137  00000-0  66570-3 0  9999
2 51053  97.3109  39.3913 0002816 336.5183  23.5941 15.51322885215090
HYPSO-1
1 51053U 22002BX  25329.33709459  .00038122  00000-0  64822-3 0  9992
2 51053  97.3108  39.5880 0002788 335.6609  24.4512 15.51337859215120
HYPSO-1
1 51053U 22002BX  25329.46610003  .00037582  00000-0  63890-3 0  9995
2 51053  97.3108  39.7190 0002775 335.2300  24.8818 15.51347140215145
HYPSO-1
1 51053U 22002BX  25329.85311167  .00037397  00000-0  63511-3 0  9991
2 51053  97.3107  40.1122 0002795 334.1913  25.9199 15.51376175215206
HYPSO-1
1 51053U 22002BX  25329.98211405  .00036736  00000-0  62380-3 0  9998
2 51053  97.3107  40.2434 0002770 333.3692  26.7418 15.51384348215227
HYPSO-1
1 51053U 22002BX  25330.17561596  .00037362  00000-0  63398-3 0  9996
2 51053  97.3107  40.4401 0002760 332.4611  27.6495 15.51399937215251
HYPSO-1
1 51053U 22002BX  25330.36911581  .00034883  00000-0  59194-3 0  9994
2 51053  97.3106  40.6367 0002726 331.5360  28.5743 15.51412939215283
HYPSO-1
1 51053U 22002BX  25330.49811494  .00034208  00000-0  58038-3 0  9997
2 51053  97.3106  40.7678 0002714 330.9489  29.1612 15.51421768215306
HYPSO-1
1 51053U 22002BX  25330.82060919  .00034580  00000-0  58614-3 0  9995
2 51053  97.3106  41.0955 0002701 329.7887  30.3210 15.51446067215354
HYPSO-1
1 51053U 22002BX  25330.94960569  .00034283  00000-0  58099-3 0  9995
2 51053  97.3106  41.2266 0002704 329.2695  30.8399 15.51454191215378
HYPSO-1
1 51053U 22002BX  25331.14309912  .00033773  00000-0  57212-3 0  9996
2 51053  97.3106  41.4232 0002700 328.3829  31.7261 15.51467767215403
HYPSO-1
1 51053U 22002BX  25331.27209361  .00034310  00000-0  58096-3 0  9996
2 51053  97.3106  41.5543 0002681 327.8273  32.2815 15.51477563215422
HYPSO-1
1 51053U 22002BX  25331.98155198  .00034115  00000-0  57675-3 0  9997
2 51053  97.3105  42.2754 0002686 325.8411  34.2668 15.51522977215530
HYPSO-1
1 51053U 22002BX  25332.17503657  .00036978  00000-0  62443-3 0  9994
2 51053  97.3105  42.4721 0002677 324.8754  35.2321 15.51539242215568
HYPSO-1
1 51053U 22002BX  25332.62649380  .00032901  00000-0  55545-3 0  9995
2 51053  97.3106  42.9310 0002643 322.6727  37.4341 15.51569227215637
HYPSO-1
1 51053U 22002BX  25332.81997243  .00033530  00000-0  56570-3 0  9998
2 51053  97.3106  43.1277 0002623 321.8691  38.2376 15.51583557215663
HYPSO-1
1 51053U 22002BX  25333.14243354  .00034117  00000-0  57507-3 0  9995
2 51053  97.3106  43.4556 0002613 320.3227  39.7834 15.51606639215712
HYPSO-1
1 51053U 22002BX  25333.27141639  .00035344  00000-0  59538-3 0  9991
2 51053  97.3106  43.5867 0002594 319.6177  40.4883 15.51617312215736
HYPSO-1
1 51053U 22002BX  25333.85183124  .00032772  00000-0  55162-3 0  9991
2 51053  97.3107  44.1766 0002572 317.8840  42.2215 15.51654735215824
HYPSO-1
1 51053U 22002BX  25334.17427718  .00038281  00000-0  64302-3 0  9994
2 51053  97.3107  44.5046 0002560 316.4237  43.6813 15.51681839215870
HYPSO-1
1 51053U 22002BX  25334.49671749  .00037878  00000-0  63574-3 0  9995
2 51053  97.3108  44.8324 0002541 314.8855  45.2191 15.51706307215921
HYPSO-1
1 51053U 22002BX  25334.62569242  .00035370  00000-0  59375-3 0  9993
2 51053  97.3108  44.9635 0002533 314.4172  45.6873 15.51715002215941
HYPSO-1
1 51053U 22002BX  25334.81915288  .00035323  00000-0  59267-3 0  9997
2 51053  97.3109  45.1603 0002529 313.6728  46.4315 15.51729671215973
HYPSO-1
1 51053U 22002BX  25334.94812576  .00035133  00000-0  58931-3 0  9993
2 51053  97.3109  45.2915 0002517 312.9262  47.1779 15.51738389215992
HYPSO-1
1 51053U 22002BX  25335.27055431  .00037538  00000-0  62875-3 0  9992
2 51053  97.3109  45.6194 0002499 311.3831  48.7206 15.51765016216045
HYPSO-1
1 51053U 22002BX  25335.52849387  .00036884  00000-0  61749-3 0  9993
2 51053  97.3108  45.8817 0002477 310.2691  49.8344 15.51782677216087
HYPSO-1
1 51053U 22002BX  25335.59297837  .00035755  00000-0  59865-3 0  9999
2 51053  97.3109  45.9473 0002478 310.0239  50.0796 15.51786689216097
HYPSO-1
1 51053U 22002BX  25335.85091405  .00034049  00000-0  56994-3 0  9996
2 51053  97.3109  46.2095 0002482 309.6531  50.4502 15.51803262216136
HYPSO-1
1 51053U 22002BX  25336.17332940  .00038651  00000-0  64578-3 0  9994
2 51053  97.3109  46.5375 0002468 308.0535  52.0495 15.51829785216183
HYPSO-1
1 51053U 22002BX  25336.30229372  .00038720  00000-0  64669-3 0  9991
2 51053  97.3109  46.6687 0002448 307.2397  52.8632 15.51840217216202
HYPSO-1
1 51053U 22002BX  25336.43125742  .00039255  00000-0  65533-3 0  9996
2 51053  97.3109  46.7998 0002435 306.5968  53.5060 15.51850215216224
HYPSO-1
1 51053U 22002BX  25336.68918227  .00038518  00000-0  64263-3 0  9991
2 51053  97.3109  47.0622 0002435 305.4554  54.6471 15.51870894216268
HYPSO-1
1 51053U 22002BX  25336.81814331  .00039307  00000-0  65545-3 0  9998
2 51053  97.3109  47.1934 0002430 305.0271  55.0754 15.51881277216280
HYPSO-1
1 51053U 22002BX  25337.14054243  .00040398  00000-0  67288-3 0  9991
2 51053  97.3108  47.5213 0002413 303.5609  56.5412 15.51907698216331
HYPSO-1
1 51053U 22002BX  25337.33397914  .00039297  00000-0  65432-3 0  9992
2 51053  97.3108  47.7181 0002388 302.4778  57.6244 15.51922703216365
HYPSO-1
1 51053U 22002BX  25337.52741409  .00040076  00000-0  66682-3 0  9990
2 51053  97.3107  47.9148 0002383 301.8514  58.2507 15.51938655216390
HYPSO-1
1 51053U 22002BX  25337.84980028  .00046812  00000-0  77706-3 0  9990
2 51053  97.3105  48.2426 0002363 301.1036  58.9984 15.51971650216445
HYPSO-1
1 51053U 22002BX  25337.97875271  .00054566  00000-0  90407-3 0  9995
2 51053  97.3105  48.3737 0002366 300.4625  59.6394 15.51989183216465
HYPSO-1
1 51053U 22002BX  25338.17217841  .00063278  00000-0  10459-2 0  9999
2 51053  97.3104  48.5705 0002370 299.9244  60.1773 15.52017791216494
HYPSO-1
1 51053U 22002BX  25338.30112723  .00064411  00000-0  10639-2 0  9997
2 51053  97.3104  48.7016 0002326 298.3134  61.7884 15.52033429216512
HYPSO-1
1 51053U 22002BX  25338.62349397  .00060016  00000-0  99070-3 0  9995
2 51053  97.3102  49.0298 0002365 298.0293  62.0720 15.52069122216569
HYPSO-1
1 51053U 22002BX  25338.75243846  .00057096  00000-0  94241-3 0  9990
2 51053  97.3102  49.1607 0002376 297.3110  62.7900 15.52084448216583
HYPSO-1
1 51053U 22002BX  25338.81691001  .00057279  00000-0  94512-3 0  9991
2 51053  97.3101  49.2262 0002374 296.4920  63.6089 15.52092681216594
HYPSO-1
1 51053U 22002BX  25338.94585300  .00051592  00000-0  85175-3 0  9996
2 51053  97.3101  49.3572 0002383 295.5954  64.5052 15.52102880216612
HYPSO-1
1 51053U 22002BX  25339.13926532  .00051015  00000-0  84162-3 0  9999
2 51053  97.3100  49.5539 0002317 293.8173  66.2837 15.52125387216647
HYPSO-1
1 51053U 22002BX  25339.26820525  .00045507  00000-0  75112-3 0  9992
2 51053  97.3100  49.6854 0002315 293.9771  66.1239 15.52137228216665
HYPSO-1
1 51053U 22002BX  25339.97735896  .00045510  00000-0  74953-3 0  9992
2 51053  97.3096  50.4069 0002363 292.6649  67.4354 15.52198179216776
HYPSO-1
1 51053U 22002BX  25340.23522553  .00050673  00000-0  83301-3 0  9990
2 51053  97.3095  50.6691 0002355 291.4500  68.6501 15.52226490216812
HYPSO-1
1 51053U 22002BX  25340.62201789  .00049359  00000-0  81056-3 0  9992
2 51053  97.3093  51.0625 0002335 289.0525  71.0474 15.52262184216873
HYPSO-1
1 51053U 22002BX  25340.87987453  .00044403  00000-0  72926-3 0  9999
2 51053  97.3092  51.3248 0002324 287.7926  72.3073 15.52281802216916
HYPSO-1
1 51053U 22002BX  25341.26665179  .00044937  00000-0  73698-3 0  9990
2 51053  97.3089  51.7183 0002316 285.3004  74.7993 15.52319371216972
HYPSO-1
1 51053U 22002BX  25341.91126293  .00038785  00000-0  63566-3 0  9998
2 51053  97.3088  52.3742 0002298 282.8303  77.2693 15.52369449217070
HYPSO-1
1 51053U 22002BX  25342.23356072  .00039160  00000-0  64114-3 0  9992
2 51053  97.3086  52.7019 0002297 281.6409  78.4586 15.52395849217125
HYPSO-1
1 51053U 22002BX  25342.62031110  .00039840  00000-0  65148-3 0  9991
2 51053  97.3085  53.0954 0002281 279.6433  80.4562 15.52426894217181
HYPSO-1
1 51053U 22002BX  25342.81368356  .00040186  00000-0  65675-3 0  9997
2 51053  97.3085  53.2922 0002260 278.2631  81.8365 15.52441462217218
HYPSO-1
1 51053U 22002BX  25342.94259725  .00038811  00000-0  63423-3 0  9991
2 51053  97.3084  53.4232 0002264 277.8962  82.2034 15.52450339217232
HYPSO-1
1 51053U 22002BX  25343.20042208  .00040193  00000-0  65612-3 0  9995
2 51053  97.3083  53.6855 0002257 276.2522  83.8474 15.52473307217270
HYPSO-1
1 51053U 22002BX  25343.26487759  .00042235  00000-0  68902-3 0  9999
2 51053  97.3083  53.7511 0002255 275.8567  84.2429 15.52480468217284
HYPSO-1
1 51053U 22002BX  25343.45824302  .00043713  00000-0  71251-3 0  9992
2 51053  97.3083  53.9478 0002237 274.5541  85.5457 15.52497595217314
HYPSO-1
1 51053U 22002BX  25343.65160650  .00041821  00000-0  68150-3 0  9995
2 51053  97.3082  54.1446 0002234 273.6056  86.4942 15.52513617217345
HYPSO-1
1 51053U 22002BX  25343.84496811  .00043994  00000-0  71621-3 0  9997
2 51053  97.3082  54.3412 0002230 273.4538  86.6459 15.52530461217373
HYPSO-1
1 51053U 22002BX  25344.16723207  .00045595  00000-0  74128-3 0  9999
2 51053  97.3081  54.6691 0002236 271.8133  88.2864 15.52560263217420
HYPSO-1
1 51053U 22002BX  25344.29613581  .00049069  00000-0  79687-3 0  9991
2 51053  97.3081  54.8003 0002233 271.2721  88.8277 15.52574791217440
HYPSO-1
1 51053U 22002BX  25344.42503889  .00048071  00000-0  78050-3 0  9990
2 51053  97.3081  54.9314 0002242 270.6816  89.4180 15.52584999217467
HYPSO-1
1 51053U 22002BX  25344.61839145  .00048009  00000-0  77900-3 0  9992
2 51053  97.3081  55.1282 0002250 269.5970  90.5026 15.52603396217499
HYPSO-1
1 51053U 22002BX  25344.81174163  .00046990  00000-0  76212-3 0  9998
2 51053  97.3081  55.3250 0002242 268.5206  91.5790 15.52620461217523
HYPSO-1
1 51053U 22002BX  25344.94064076  .00045882  00000-0  74404-3 0  9993
2 51053  97.3081  55.4562 0002243 267.8717  92.2279 15.52630468217540
HYPSO-1
1 51053U 22002BX  25345.19843475  .00049955  00000-0  80865-3 0  9992
2 51053  97.3081  55.7186 0002253 267.0394  93.0601 15.52660704217587
HYPSO-1
1 51053U 22002BX  25345.26288170  .00094798  00000-0  15223-2 0  9995
2 51053  97.3081  55.7842 0002238 267.3096  92.7901 15.52702358217593
HYPSO-1
1 51053U 22002BX  25345.64956275  .00044089  00000-0  71325-3 0  9999
2 51053  97.3083  56.1779 0002257 264.4511  95.6484 15.52706063217652
HYPSO-1
1 51053U 22002BX  25345.97178956  .00042956  00000-0  69430-3 0  9992
2 51053  97.3082  56.5059 0002263 262.8296  97.2700 15.52736332217702
HYPSO-1
1 51053U 22002BX  25346.16512259  .00045031  00000-0  72703-3 0  9996
2 51053  97.3082  56.7027 0002266 262.2580  97.8416 15.52757017217738
HYPSO-1
1 51053U 22002BX  25346.29400978  .00046584  00000-0  75153-3 0  9990
2 51053  97.3083  56.8339 0002263 261.3252  98.7745 15.52770847217752
HYPSO-1
1 51053U 22002BX  25346.93843228  .00046134  00000-0  74277-3 0  9997
2 51053  97.3086  57.4900 0002284 258.9702 101.1294 15.52829245217857
HYPSO-1
1 51053U 22002BX  25347.26063304  .00051617  00000-0  82917-3 0  9995
2 51053  97.3086  57.8181 0002295 257.1806 102.9191 15.52866865217900
HYPSO-1
1 51053U 22002BX  25347.64726692  .00035146  00000-0  56575-3 0  9993
2 51053  97.3088  58.2118 0002314 255.6808 104.4188 15.52891044217960
HYPSO-1
1 51053U 22002BX  25347.96945604  .00034670  00000-0  55765-3 0  9995
2 51053  97.3087  58.5398 0002324 255.1074 104.9922 15.52915490218013
HYPSO-1
1 51053U 22002BX  25348.29164076  .00036535  00000-0  58690-3 0  9990
2 51053  97.3087  58.8679 0002330 253.1966 106.9032 15.52940509218061
HYPSO-1
1 51053U 22002BX  25348.93599872  .00025528  00000-0  41065-3 0  9995
2 51053  97.3089  59.5241 0002357 249.8727 110.2273 15.52971401218163
HYPSO-1
1 51053U 22002BX  25349.32260581  .00024479  00000-0  39357-3 0  9996
2 51053  97.3089  59.9178 0002385 247.5870 112.5130 15.52994338218229
HYPSO-1
1 51053U 22002BX  25349.96694072  .00026850  00000-0  43088-3 0  9993
2 51053  97.3090  60.5743 0002393 244.2560 115.8447 15.53028603218328
HYPSO-1
1 51053U 22002BX  25350.28910248  .00027611  00000-0  44272-3 0  9998
2 51053  97.3090  60.9023 0002435 242.9844 117.1161 15.53047265218378
HYPSO-1
1 51053U 22002BX  25350.93341404  .00028764  00000-0  46043-3 0  9990
2 51053  97.3091  61.5589 0002474 240.2019 119.8988 15.53085676218476
HYPSO-1
1 51053U 22002BX  25351.31999278  .00027773  00000-0  44428-3 0  9995
2 51053  97.3091  61.9525 0002495 238.8434 121.2575 15.53110423218532
HYPSO-1
1 51053U 22002BX  25351.64213792  .00026383  00000-0  42193-3 0  9994
2 51053  97.3091  62.2805 0002526 236.4063 123.6950 15.53128472218585
HYPSO-1
1 51053U 22002BX  25351.96427924  .00028605  00000-0  45690-3 0  9997
2 51053  97.3090  62.6087 0002498 236.0221 124.0795 15.53146873218633
HYPSO-1
1 51053U 22002BX  25352.28641628  .00032202  00000-0  51352-3 0  9992
2 51053  97.3088  62.9367 0002553 234.4164 125.6852 15.53168858218687
HYPSO-1
1 51053U 22002BX  25352.60854975  .00028687  00000-0  45756-3 0  9992
2 51053  97.3088  63.2647 0002592 232.7708 127.3309 15.53185283218733
HYPSO-1
1 51053U 22002BX  25352.93067926  .00028196  00000-0  44950-3 0  9990
2 51053  97.3087  63.5931 0002564 231.7270 128.3753 15.53202948218780
HYPSO-1
1 51053U 22002BX  25353.25280454  .00026156  00000-0  41691-3 0  9992
2 51053  97.3087  63.9212 0002577 230.9085 129.1940 15.53222100218830
HYPSO-1
1 51053U 22002BX  25353.63935041  .00023063  00000-0  36766-3 0  9994
2 51053  97.3086  64.3147 0002615 228.6281 131.4748 15.53242087218890
HYPSO-1
1 51053U 22002BX  25353.76819818  .00022726  00000-0  36226-3 0  9997
2 51053  97.3086  64.4461 0002598 228.1086 131.9946 15.53247784218915
HYPSO-1
1 51053U 22002BX  25353.83262181  .00023336  00000-0  37187-3 0  9995
2 51053  97.3086  64.5118 0002592 228.0520 132.0512 15.53251016218926
HYPSO-1
1 51053U 22002BX  25353.96146845  .00023828  00000-0  37957-3 0  9998
2 51053  97.3085  64.6432 0002598 227.7031 132.4002 15.53257551218944
HYPSO-1
1 51053U 22002BX  25354.15473771  .00024012  00000-0  38233-3 0  9995
2 51053  97.3085  64.8401 0002605 227.4726 132.6307 15.53267535218975
HYPSO-1
1 51053U 22002BX  25354.28358291  .00024776  00000-0  39431-3 0  9996
2 51053  97.3084  64.9713 0002631 226.9451 133.1582 15.53274997218992
HYPSO-1
1 51053U 22002BX  25354.47685016  .00024404  00000-0  38830-3 0  9995
2 51053  97.3083  65.1680 0002671 225.5890 134.5145 15.53283493219029
HYPSO-1
1 51053U 22002BX  25354.60569439  .00023006  00000-0  36613-3 0  9994
2 51053  97.3083  65.2992 0002683 224.9139 135.1898 15.53289272219043
HYPSO-1
1 51053U 22002BX  25354.86338128  .00024201  00000-0  38485-3 0  9998
2 51053  97.3082  65.5618 0002663 223.5516 136.5528 15.53301870219080
HYPSO-1
1 51053U 22002BX  25354.92780265  .00025156  00000-0  39988-3 0  9997
2 51053  97.3082  65.6276 0002656 223.4867 136.6177 15.53305406219092
HYPSO-1
1 51053U 22002BX  25355.18548666  .00025258  00000-0  40129-3 0  9995
2 51053  97.3081  65.8901 0002660 222.6328 137.4719 15.53319448219133
HYPSO-1
1 51053U 22002BX  25355.24990715  .00028510  00000-0  45246-3 0  9997
2 51053  97.3080  65.9557 0002664 222.4204 137.6844 15.53325643219141
HYPSO-1
1 51053U 22002BX  25355.50758811  .00027726  00000-0  43991-3 0  9998
2 51053  97.3079  66.2180 0002711 220.7712 139.3338 15.53338639219183
HYPSO-1
1 51053U 22002BX  25355.57200791  .00028544  00000-0  45271-3 0  9996
2 51053  97.3079  66.2836 0002716 220.4014 139.7038 15.53343425219199
HYPSO-1
1 51053U 22002BX  25355.82968530  .00030693  00000-0  48625-3 0  9990
2 51053  97.3078  66.5463 0002700 219.3827 140.7230 15.53360678219239
HYPSO-1
1 51053U 22002BX  25356.15177751  .00036995  00000-0  58474-3 0  9998
2 51053  97.3078  66.8745 0002715 218.9966 141.1092 15.53387456219289
HYPSO-1
1 51053U 22002BX  25356.28061259  .00037387  00000-0  59067-3 0  9992
2 51053  97.3078  67.0059 0002727 218.5020 141.6039 15.53398136219306
HYPSO-1
1 51053U 22002BX  25356.60269775  .00034158  00000-0  53958-3 0  9997
2 51053  97.3076  67.3340 0002750 217.0907 143.0157 15.53419701219358
HYPSO-1
1 51053U 22002BX  25356.79594660  .00032902  00000-0  51963-3 0  9990
2 51053  97.3075  67.5308 0002739 216.4024 143.7043 15.53432527219388
HYPSO-1
1 51053U 22002BX  25356.86036247  .00034186  00000-0  53968-3 0  9993
2 51053  97.3075  67.5964 0002734 216.1338 143.9731 15.53437688219396
HYPSO-1
1 51053U 22002BX  25356.92477816  .00035417  00000-0  55885-3 0  9999
2 51053  97.3075  67.6620 0002727 215.9208 144.1862 15.53442842219409
HYPSO-1
1 51053U 22002BX  25357.18243888  .00037460  00000-0  59040-3 0  9995
2 51053  97.3074  67.9246 0002729 215.0826 145.0248 15.53463871219441
HYPSO-1
1 51053U 22002BX  25357.24685337  .00038463  00000-0  60596-3 0  9993
2 51053  97.3073  67.9902 0002738 214.6819 145.4257 15.53469835219457
HYPSO-1
1 51053U 22002BX  25357.82657649  .00032620  00000-0  51380-3 0  9992
2 51053  97.3071  68.5809 0002756 211.9862 148.1225 15.53508290219540
HYPSO-1
1 51053U 22002BX  25357.95540175  .00034218  00000-0  53861-3 0  9992
2 51053  97.3071  68.7121 0002762 211.5143 148.5945 15.53518110219561
HYPSO-1
1 51053U 22002BX  25358.14863809  .00036034  00000-0  56665-3 0  9999
2 51053  97.3070  68.9091 0002769 210.8694 149.2397 15.53534254219597
HYPSO-1
1 51053U 22002BX  25358.27746104  .00036511  00000-0  57389-3 0  9995
2 51053  97.3070  69.0403 0002779 210.2228 149.8865 15.53544827219610
HYPSO-1
1 51053U 22002BX  25358.85715617  .00035506  00000-0  55737-3 0  9992
2 51053  97.3068  69.6311 0002791 207.3889 152.7218 15.53585593219705
HYPSO-1
1 51053U 22002BX  25358.92156581  .00035736  00000-0  56087-3 0  9993
2 51053  97.3068  69.6968 0002794 207.1138 152.9970 15.53589901219716
HYPSO-1
1 51053U 22002BX  25359.17920214  .00037146  00000-0  58241-3 0  9994
2 51053  97.3067  69.9593 0002804 206.1679 153.9433 15.53610585219755
HYPSO-1
1 51053U 22002BX  25359.24361049  .00038926  00000-0  60996-3 0  9994
2 51053  97.3067  70.0249 0002807 205.8236 154.2878 15.53617393219766
HYPSO-1
1 51053U 22002BX  25359.63005731  .00035216  00000-0  55167-3 0  9993
2 51053  97.3067  70.4187 0002816 204.1975 155.9147 15.53644950219826
HYPSO-1
1 51053U 22002BX  25359.75887134  .00034296  00000-0  53719-3 0  9999
2 51053  97.3066  70.5500 0002820 203.6064 156.5060 15.53653874219841
HYPSO-1
1 51053U 22002BX  25359.82327788  .00035445  00000-0  55494-3 0  9990
2 51053  97.3066  70.6157 0002826 203.3631 156.7494 15.53659549219852
HYPSO-1
1 51053U 22002BX  25359.95209069  .00034126  00000-0  53427-3 0  9994
2 51053  97.3066  70.7470 0002836 202.7442 157.3687 15.53667630219878
HYPSO-1
1 51053U 22002BX  25360.14530844  .00034200  00000-0  53513-3 0  9994
2 51053  97.3066  70.9439 0002838 202.0108 158.1024 15.53682894219906
HYPSO-1
1 51053U 22002BX  25360.27411904  .00034194  00000-0  53484-3 0  9992
2 51053  97.3065  71.0751 0002844 201.4080 158.7055 15.53693135219925
HYPSO-1
1 51053U 22002BX  25360.66054678  .00035293  00000-0  55130-3 0  9997
2 51053  97.3065  71.4690 0002839 199.6529 160.4616 15.53722957219985
HYPSO-1
1 51053U 22002BX  25360.72495078  .00034564  00000-0  53993-3 0  9992
2 51053  97.3065  71.5347 0002838 199.3366 160.7780 15.53726835219995
HYPSO-1
1 51053U 22002BX  25360.85375803  .00036284  00000-0  56640-3 0  9992
2 51053  97.3064  71.6659 0002832 198.7882 161.3267 15.53736751220011
HYPSO-1
1 51053U 22002BX  25360.98256456  .00039357  00000-0  61375-3 0  9993
2 51053  97.3064  71.7972 0002836 198.2976 161.8177 15.53747883220038
HYPSO-1
1 51053U 22002BX  25361.17577244  .00041519  00000-0  64680-3 0  9991
2 51053  97.3064  71.9941 0002839 197.5856 162.5300 15.53765333220067
HYPSO-1
1 51053U 22002BX  25361.24017468  .00041706  00000-0  64958-3 0  9992
2 51053  97.3064  72.0598 0002844 197.2721 162.8436 15.53770674220079
HYPSO-1
1 51053U 22002BX  25361.49778147  .00039078  00000-0  60853-3 0  9996
2 51053  97.3064  72.3224 0002864 196.1676 163.9487 15.53788662220116
HYPSO-1
1 51053U 22002BX  25361.81978458  .00041340  00000-0  64281-3 0  9993
2 51053  97.3065  72.6507 0002873 194.7000 165.4170 15.53817868220161
HYPSO-1
1 51053U 22002BX  25361.94858447  .00041020  00000-0  63765-3 0  9993
2 51053  97.3065  72.7821 0002882 194.1310 165.9863 15.53827435220186
HYPSO-1
1 51053U 22002BX  25362.14178219  .00043016  00000-0  66798-3 0  9994
2 51053  97.3064  72.9791 0002895 193.4169 166.7008 15.53846374220218
HYPSO-1
1 51053U 22002BX  25362.27057933  .00043442  00000-0  67425-3 0  9998
2 51053  97.3064  73.1104 0002910 192.8322 167.2858 15.53858543220233
HYPSO-1
1 51053U 22002BX  25362.52817135  .00042983  00000-0  66666-3 0  9999
2 51053  97.3065  73.3730 0002893 191.8354 168.2832 15.53880193220278
HYPSO-1
1 51053U 22002BX  25362.59256866  .00041577  00000-0  64489-3 0  9993
2 51053  97.3065  73.4387 0002891 191.5477 168.5711 15.53885512220288
HYPSO-1
1 51053U 22002BX  25362.85015573  .00043095  00000-0  66769-3 0  9990
2 51053  97.3065  73.7013 0002879 190.4625 169.6569 15.53908783220320
HYPSO-1
1 51053U 22002BX  25362.91455177  .00045446  00000-0  70365-3 0  9994
2 51053  97.3065  73.7670 0002881 190.1946 169.9250 15.53916138220339
HYPSO-1
1 51053U 22002BX  25363.30092287  .00050778  00000-0  78432-3 0  9994
2 51053  97.3065  74.1610 0002898 188.6928 171.4276 15.53957243220392
HYPSO-1
1 51053U 22002BX  25363.49410483  .00051085  00000-0  78849-3 0  9990
2 51053  97.3065  74.3580 0002912 187.8605 172.2604 15.53976065220421
HYPSO-1
1 51053U 22002BX  25363.55849817  .00051159  00000-0  78943-3 0  9991
2 51053  97.3066  74.4237 0002914 187.6640 172.4570 15.53983107220431
HYPSO-1
1 51053U 22002BX  25363.81606878  .00051143  00000-0  78841-3 0  9998
2 51053  97.3066  74.6863 0002929 186.5020 173.6196 15.54010029220470
HYPSO-1
1 51053U 22002BX  25364.13802637  .00050370  00000-0  77568-3 0  9991
2 51053  97.3067  75.0146 0002931 185.5736 174.5485 15.54042089220524
HYPSO-1
1 51053U 22002BX  25364.26680729  .00048633  00000-0  74881-3 0  9995
2 51053  97.3067  75.1460 0002946 185.0068 175.1156 15.54054536220547
HYPSO-1
1 51053U 22002BX  25364.65314440  .00047108  00000-0  72453-3 0  9991
2 51053  97.3067  75.5401 0002938 183.4376 176.6858 15.54092308220602
HYPSO-1
1 51053U 22002BX  25364.84630935  .00049825  00000-0  76542-3 0  9993
2 51053  97.3067  75.7371 0002924 182.6626 177.4613 15.54112395220634
HYPSO-1
1 51053U 22002BX  25364.97508469  .00053587  00000-0  82231-3 0  9995
2 51053  97.3067  75.8683 0002960 182.2517 177.8724 15.54125531220651
HYPSO-1
1 51053U 22002BX  25365.16824556  .00055485  00000-0  85045-3 0  9990
2 51053  97.3067  76.0653 0002975 181.5320 178.5925 15.54149265220685
HYPSO-1
1 51053U 22002BX  25365.29701772  .00050824  00000-0  77926-3 0  9999
2 51053  97.3068  76.1968 0002965 180.7633 179.3617 15.54161170220702
HYPSO-1
1 51053U 22002BX  25365.49017426  .00053248  00000-0  81560-3 0  9999
2 51053  97.3069  76.3940 0002922 180.2449 179.8804 15.54178523220734
HYPSO-1
1 51053U 22002BX  25365.61894421  .00051988  00000-0  79607-3 0  9999
2 51053  97.3069  76.5254 0002906 179.8070 180.3186 15.54191971220754
HYPSO-1
1 51053U 22002BX  25365.94086313  .00049807  00000-0  76197-3 0  9996
2 51053  97.3069  76.8533 0002970 179.2409 180.8850 15.54226783220807
HYPSO-1
1 51053U 22002BX  26001.19839350  .00048524  00000-0  74168-3 0  9999
2 51053  97.3069  77.1161 0003011 177.8129 182.3139 15.54256858220845
HYPSO-1
1 51053U 22002BX  26001.26277525  .00049513  00000-0  75649-3 0  9991
2 51053  97.3069  77.1819 0003002 177.3785 182.7485 15.54263762220859
HYPSO-1
1 51053U 22002BX  26001.64906098  .00050903  00000-0  77650-3 0  9996
2 51053  97.3068  77.5760 0002968 176.6563 183.4711 15.54301126220917
HYPSO-1
1 51053U 22002BX  26001.71344086  .00051518  00000-0  78560-3 0  9991
2 51053  97.3067  77.6417 0002960 176.3071 183.8205 15.54308433220920
HYPSO-1
1 51053U 22002BX  26001.84219997  .00055389  00000-0  84370-3 0  9993
2 51053  97.3065  77.7729 0002944 176.2098 183.9178 15.54321791220949
HYPSO-1
1 51053U 22002BX  26001.97095784  .00051647  00000-0  78682-3 0  9995
2 51053  97.3066  77.9041 0002977 175.8490 184.2789 15.54333853220962
HYPSO-1
1 51053U 22002BX  26002.16409286  .00053230  00000-0  81005-3 0  9996
2 51053  97.3065  78.1011 0002991 174.8837 185.2448 15.54357129220999
HYPSO-1
1 51053U 22002BX  26002.29284773  .00053551  00000-0  81448-3 0  9999
2 51053  97.3066  78.2327 0002969 174.1451 185.9839 15.54371158221014
HYPSO-1
1 51053U 22002BX  26002.61473112  .00053535  00000-0  81337-3 0  9991
2 51053  97.3066  78.5613 0002915 173.2724 186.8570 15.54400555221060
HYPSO-1
1 51053U 22002BX  26002.74348225  .00054208  00000-0  82302-3 0  9992
2 51053  97.3065  78.6924 0002919 173.1521 186.9774 15.54416598221086
HYPSO-1
1 51053U 22002BX  26002.80785723  .00054544  00000-0  82787-3 0  9997
2 51053  97.3065  78.7580 0002935 173.2377 186.8917 15.54424014221094
HYPSO-1
1 51053U 22002BX  26002.93660667  .00053842  00000-0  81691-3 0  9993
2 51053  97.3065  78.8891 0002978 173.0532 187.0764 15.54436789221116
HYPSO-1
1 51053U 22002BX  26003.19410188  .00055431  00000-0  83979-3 0  9990
2 51053  97.3065  79.1518 0003024 171.9553 188.1750 15.54470053221152
HYPSO-1
1 51053U 22002BX  26003.25847484  .00055742  00000-0  84425-3 0  9992
2 51053  97.3064  79.2176 0003023 171.5821 188.5485 15.54477214221161
HYPSO-1
1 51053U 22002BX  26003.51596426  .00054903  00000-0  83097-3 0  9990
2 51053  97.3063  79.4807 0002985 171.0667 189.0640 15.54499525221205
HYPSO-1
1 51053U 22002BX  26003.64470748  .00046197  00000-0  69990-3 0  9994
2 51053  97.3061  79.6120 0002962 170.7165 189.4144 15.54511276221220
HYPSO-1
1 51053U 22002BX  26003.96656074  .00050301  00000-0  76068-3 0  9993
2 51053  97.3059  79.9398 0002991 170.2199 189.9113 15.54543216221276
HYPSO-1
1 51053U 22002BX  26004.15966985  .00047344  00000-0  71580-3 0  9997
2 51053  97.3058  80.1369 0003018 169.4738 190.6579 15.54563022221303
HYPSO-1
1 51053U 22002BX  26004.28840799  .00042389  00000-0  64127-3 0  9998
2 51053  97.3059  80.2684 0002976 168.8671 191.2649 15.54570163221327
HYPSO-1
1 51053U 22002BX  26004.48151363  .00042758  00000-0  64640-3 0  9992
2 51053  97.3059  80.4655 0002977 168.3802 191.7521 15.54587342221353
HYPSO-1
1 51053U 22002BX  26004.61024993  .00038852  00000-0  58760-3 0  9991
2 51053  97.3058  80.5969 0002982 168.0914 192.0411 15.54595654221377
HYPSO-1
1 51053U 22002BX  26004.86771963  .00040266  00000-0  60835-3 0  9992
2 51053  97.3057  80.8595 0002974 167.0527 193.0804 15.54617040221410
HYPSO-1
1 51053U 22002BX  26004.93208657  .00041718  00000-0  62998-3 0  9990
2 51053  97.3057  80.9251 0002989 166.9701 193.1631 15.54622747221428
HYPSO-1
1 51053U 22002BX  26005.18955159  .00041755  00000-0  63002-3 0  9992
2 51053  97.3055  81.1878 0002997 166.3467 193.7869 15.54645327221468
HYPSO-1
1 51053U 22002BX  26005.25391714  .00042683  00000-0  64376-3 0  9997
2 51053  97.3055  81.2535 0003003 166.1552 193.9785 15.54651860221470
HYPSO-1
1 51053U 22002BX  26005.51137743  .00044877  00000-0  67600-3 0  9996
2 51053  97.3053  81.5161 0002980 165.5884 194.5455 15.54675631221518
HYPSO-1
1 51053U 22002BX  26005.64010551  .00049490  00000-0  74445-3 0  9998
2 51053  97.3053  81.6474 0002963 165.0480 195.0863 15.54693016221532
HYPSO-1
1 51053U 22002BX  26006.15501150  .00042370  00000-0  63724-3 0  9993
2 51053  97.3052  82.1732 0002941 163.3014 196.8338 15.54731017221613
HYPSO-1
1 51053U 22002BX  26006.28373553  .00038468  00000-0  57879-3 0  9998
2 51053  97.3051  82.3045 0002959 162.9385 197.1969 15.54739994221634
HYPSO-1
1 51053U 22002BX  26006.47682044  .00037034  00000-0  55708-3 0  9994
2 51053  97.3050  82.5015 0002968 162.2107 197.9252 15.54753789221661
HYPSO-1
1 51053U 22002BX  26006.60554256  .00037797  00000-0  56824-3 0  9998
2 51053  97.3050  82.6327 0002973 161.8119 198.3243 15.54765210221681
HYPSO-1
1 51053U 22002BX  26006.99170480  .00035537  00000-0  53401-3 0  9991
2 51053  97.3049  83.0269 0002993 160.3781 199.7589 15.54790832221743
HYPSO-1
1 51053U 22002BX  26007.18478325  .00036206  00000-0  54367-3 0  9998
2 51053  97.3048  83.2239 0003001 159.8162 200.3211 15.54806187221773
HYPSO-1
1 51053U 22002BX  26007.24914229  .00036509  00000-0  54809-3 0  9990
2 51053  97.3048  83.2896 0003007 159.5797 200.5578 15.54811324221787
HYPSO-1
1 51053U 22002BX  26007.50657704  .00032807  00000-0  49263-3 0  9996
2 51053  97.3047  83.5524 0003023 158.7587 201.3793 15.54826201221826
HYPSO-1
1 51053U 22002BX  26007.82836632  .00031590  00000-0  47411-3 0  9991
2 51053  97.3046  83.8809 0003036 157.5196 202.6191 15.54847831221874
HYPSO-1
1 51053U 22002BX  26007.95708074  .00032217  00000-0  48329-3 0  9999
2 51053  97.3046  84.0122 0003055 157.0646 203.0745 15.54856526221894
HYPSO-1
1 51053U 22002BX  26008.15015083  .00034203  00000-0  51256-3 0  9993
2 51053  97.3045  84.2093 0003050 156.5524 203.5870 15.54872379221928
HYPSO-1
1 51053U 22002BX  26008.27886306  .00035595  00000-0  53306-3 0  9993
2 51053  97.3045  84.3407 0003066 156.0406 204.0992 15.54883194221949
HYPSO-1
1 51053U 22002BX  26008.47193000  .00039432  00000-0  58973-3 0  9996
2 51053  97.3045  84.5379 0003076 155.4323 204.7078 15.54900056221973
HYPSO-1
1 51053U 22002BX  26008.53628514  .00040029  00000-0  59847-3 0  9991
2 51053  97.3045  84.6037 0003074 155.2257 204.9146 15.54905895221982
HYPSO-1
1 51053U 22002BX  26008.92241234  .00034752  00000-0  51962-3 0  9990
2 51053  97.3044  84.9978 0003073 153.7101 206.4310 15.54931174222045
HYPSO-1
1 51053U 22002BX  26009.17982628  .00035940  00000-0  53683-3 0  9999
2 51053  97.3044  85.2606 0003085 152.9320 207.2096 15.54952608222083